12 32 5 4 24
28 26 31 25 29
27 33 24 25 26
34 30 25 24 27
31 30 24 32 28
35 28 29 11 31
29 31 27 28 30
28 25 26 29 31
33 12 16 17 32
17 4 22 5 23
24 27 26 25 34
10 29 31 28 35
14 32 13 36 12
21 1 0 19 18
17 9 6 32 33
3 1 0 20 2
2 0 1 21 3
0 23 22 5 4
22 0 23 4 5
16 23 10 11 17
9 11 8 7 6
14 9 7 6 8
8 13 9 6 7
13 8 6 7 9
17 23 22 11 10
5 23 6 10 11
12 1 19 0 18
7 9 15 12 13
15 32 13 12 14
15 1 0 3 21
22 14 12 17 16
22 13 12 16 17
6 19 1 18 0
0 21 1 18 19
19 0 18 2 20
0 19 1 3 21
17 4 18 23 22
0 19 22 23 18
5 0 9 3 1
24 31 29 26 25
27 24 26 25 34
5 4 26 25 34
2 0 1 21 3
24 4 25 5 26
0 21 3 19 1
18 9 1 19 7
1 19 9 6 7
30 28 25 31 29
28 26 25 29 31
1 19 9 6 7
1 8 9 6 7
11 36 10 34 35
0 1 18 21 19
0 1 18 21 19
0 1 18 21 19
1 20 21 18 19
25 31 16 17 33
6 1 19 0 18
2 19 18 21 20
