25 28 26 27 24
24 31 29 26 25
27 31 24 25 26
30 25 26 24 27
29 31 24 30 28
30 28 25 31 29
35 28 11 29 31
29 31 27 28 30
28 25 26 29 31
12 16 33 17 32
25 31 32 26 33
10 4 36 35 34
36 11 34 10 35
35 34 17 16 36
2 19 18 1 0
3 18 19 0 1
3 1 0 20 2
2 0 1 21 3
34 23 22 5 4
11 22 23 4 5
12 9 8 7 6
13 8 9 6 7
14 9 7 6 8
13 8 6 7 9
22 17 35 11 10
17 23 35 10 11
35 28 11 29 31
32 15 14 13 12
7 9 15 12 13
15 32 13 12 14
14 9 12 13 15
12 22 36 17 16
36 22 12 16 17
1 20 0 19 18
0 21 1 18 19
19 0 18 2 20
18 1 19 3 21
17 5 4 23 22
17 4 5 22 23
24 31 29 26 25
24 31 29 26 25
24 31 26 29 25
27 31 24 25 26
27 31 24 25 26
27 31 24 25 26
24 31 29 26 25
13 9 8 7 6
1 8 9 6 7
30 28 25 31 29
25 26 28 29 31
25 26 28 29 31
25 26 28 29 31
25 26 28 29 31
14 9 15 12 13
14 9 15 12 13
7 6 15 12 13
21 20 0 19 18
21 20 0 19 18
21 20 0 19 18
0 21 1 18 19
