2.44375 5.93915 1.82969 -1.0797 5.84192 -0.57066 -0.85473 -2.94594 0.37124 -3.48144 0.66703 -1.85904 -1.34165 1.82545 4.13529 4.42175 -1.1953 0.08058 -6.11718 -5.04505 -0.17443 -0.19565 3.65118 0.53301 -0.33046 -12.55488 -3.89501 4.97358 1.92851 0.66268 32.8257 -0.89739 -2.01392 -3.18487 1.61988 -0.79839 3.89346 1.43282 3.71341 -1.29512 -1.83743 0.56541 0.04341 3.39013 -4.45174 2.35312 2.41379 -4.64146 0.27562 -0.95701
3.75467 5.08938 1.84303 -1.26964 6.496 0.43039 -0.88915 -3.22601 -0.4323 -1.71421 0.16428 -2.61031 -0.74902 1.36855 5.21498 3.98478 -0.71416 1.48825 -6.23199 -6.34527 -0.94744 0.32583 3.70299 0.49885 -0.21676 -14.94488 -4.22423 4.34441 3.28834 0.94557 37.2898 -0.00241 -2.29823 -3.75207 1.83207 -1.08934 3.13515 2.89279 2.68849 -1.73569 -2.22813 1.54186 0.45142 4.46457 -3.83228 2.5248 0.839 -4.09171 -0.96941 0.73853
3.02632 4.91753 1.83832 -1.38894 6.26234 0.2534 -0.47577 -2.89841 -0.00937 -2.68149 0.6909 -2.7145 -0.58147 1.3078 3.99062 4.9837 -1.32738 0.37379 -6.21236 -6.27901 0.01082 -0.78908 3.35742 0.43811 -0.93442 -14.92448 -3.87846 4.44336 1.72733 0.91459 37.3606 -0.03128 -1.58531 -2.93231 2.29165 -1.94888 3.11388 2.1053 3.93216 -1.66899 -2.9429 1.43659 0.36294 4.19515 -4.10429 2.69603 1.77708 -4.79085 -0.39299 -0.46912
2.82446 6.10265 1.60473 -1.13382 6.13469 -0.912 -0.45737 -2.87396 0.23318 -3.39625 0.46454 -1.8515 -1.44737 1.69604 3.68641 4.24303 -1.02614 0.41206 -6.34874 -5.41354 -0.49837 0.0165 3.15307 0.50045 -0.3087 -12.9573 -3.6272 5.24118 2.01703 0.37001 32.8074 -0.86813 -2.2774 -3.18109 1.36392 -0.86348 3.85473 1.42251 3.4163 -1.03087 -1.35723 0.77989 -0.14717 3.69167 -4.42514 2.44822 2.23024 -4.82445 -0.05749 -1.00576
2.611 5.29431 2.29874 -1.34688 6.54848 -0.17162 -0.73428 -3.5014 0.08158 -2.00205 0.97108 -2.5103 -0.64892 0.88079 4.52307 4.61038 -1.28043 0.77589 -6.42826 -6.30416 0.24499 -0.27069 3.46369 0.13722 -0.63281 -14.80218 -3.80805 3.71996 2.24157 1.24248 37.3838 0.49169 -1.81781 -3.53824 2.26224 -1.85498 2.83116 2.13671 3.61684 -1.5922 -2.73813 1.20677 0.61509 4.17417 -3.62251 2.12507 1.76591 -3.86802 -0.28465 -0.03164
4.13067 4.96176 1.93938 -1.06148 6.36898 0.2585 -1.35072 -3.47944 -0.36219 -2.01971 -0.08353 -2.51494 -1.05335 1.45411 5.31385 3.78294 -0.60848 1.52678 -6.05978 -6.38767 -0.68045 0.69291 3.8064 0.46558 -0.23399 -14.99408 -4.40505 3.87716 2.76476 0.37674 37.808 0.18975 -2.53408 -3.67659 1.81165 -0.78061 2.94673 2.4213 2.73246 -1.44893 -2.38872 1.62295 0.69629 4.29859 -3.44639 2.64475 0.75313 -3.88788 -1.48324 0.22776
3.75556 6.86204 0.11809 1.61773 5.13527 0.46295 -0.96946 -3.28176 -1.89388 -2.89336 1.30635 -0.95601 -2.4891 0.36663 3.00324 2.90164 -1.49069 0.02036 -5.79705 -4.48552 -0.83977 0.02706 4.81622 1.53398 -1.32754 -14.5132 -4.14672 3.47422 2.90313 -0.20674 38.6936 -1.24837 -4.33687 -4.06558 1.70593 -2.42065 2.30047 1.53643 3.4895 1.04111 -1.09645 0.97905 0.19427 1.72741 -5.01288 1.85032 1.34421 -6.50462 -0.07608 0.49233
3.17347 5.76823 1.39239 -0.10926 6.75033 -0.53436 -0.57303 -3.44143 -0.55826 -2.92617 1.09686 -1.26111 -1.58295 1.18853 4.14592 3.83864 -1.89837 0.15732 -6.07478 -5.16065 -1.35248 -0.08631 2.35015 -0.23619 0.02837 -11.96613 -4.35846 4.86509 1.30267 -0.27488 30.983 0.04635 -1.78417 -3.67834 1.55339 -0.47435 3.19021 0.37865 1.9715 -2.01568 -1.74163 1.12055 -0.79286 3.0254 -5.06558 0.86874 2.79249 -4.6045 0.4434 -1.47611
4.48439 4.91846 1.40573 -0.2992 7.40441 0.46669 -0.60745 -3.7215 -1.3618 -1.15894 0.59411 -2.01238 -0.99032 0.73163 5.22561 3.40167 -1.41723 1.56499 -6.18959 -6.46087 -2.12548 0.43517 2.40196 -0.27035 0.14207 -14.35613 -4.68768 4.23592 2.6625 0.00801 35.4471 0.94133 -2.06848 -4.24554 1.76558 -0.7653 2.4319 1.83862 0.94658 -2.45625 -2.13233 2.097 -0.38485 4.09983 -4.44612 1.04042 1.2177 -4.05475 -0.80163 0.21943
3.75604 4.74661 1.40102 -0.4185 7.17075 0.2897 -0.19407 -3.3939 -0.93887 -2.12622 1.12073 -2.11657 -0.82277 0.67088 4.00125 4.40059 -2.03045 0.45053 -6.16996 -6.39461 -1.16722 -0.67974 2.05639 -0.33109 -0.57559 -14.33573 -4.34191 4.33487 1.10149 -0.02297 35.5179 0.91246 -1.35556 -3.42578 2.22516 -1.62484 2.41063 1.05113 2.19025 -2.38955 -2.8471 1.99173 -0.47333 3.83041 -4.71813 1.21165 2.15578 -4.75389 -0.22521 -0.98822
3.55418 5.93173 1.16743 -0.16338 7.0431 -0.8757 -0.17567 -3.36945 -0.69632 -2.84098 0.89437 -1.25357 -1.68867 1.05912 3.69704 3.65992 -1.72921 0.4888 -6.30634 -5.52914 -1.67641 0.12584 1.85204 -0.26875 0.05013 -12.36855 -4.09065 5.13269 1.39119 -0.56755 30.9647 0.07561 -2.04765 -3.67456 1.29743 -0.53944 3.15148 0.36834 1.67439 -1.75143 -1.26143 1.33503 -0.98344 3.32693 -5.03898 0.96384 2.60894 -4.78749 0.11029 -1.52486
3.34072 5.12339 1.86144 -0.37644 7.45689 -0.13532 -0.45258 -3.99689 -0.84792 -1.44678 1.40091 -1.91237 -0.89022 0.24387 4.5337 4.02727 -1.9835 0.85263 -6.38586 -6.41976 -0.93305 -0.16135 2.16266 -0.63198 -0.27398 -14.21343 -4.2715 3.61147 1.61573 0.30492 35.5411 1.43543 -1.58806 -4.03171 2.19575 -1.53094 2.12791 1.08254 1.87493 -2.31276 -2.64233 1.76191 -0.22118 3.80944 -4.23635 0.64069 2.14461 -3.83106 -0.11687 -0.55074
4.86039 4.79084 1.50208 -0.09104 7.27739 0.2948 -1.06902 -3.97493 -1.29169 -1.46444 0.3463 -1.91701 -1.29465 0.81719 5.32448 3.19983 -1.31155 1.60352 -6.01738 -6.50327 -1.85849 0.80225 2.50537 -0.30362 0.12484 -14.40533 -4.8685 3.76867 2.13892 -0.56082 35.9653 1.13349 -2.30433 -4.17006 1.74516 -0.45657 2.24348 1.36713 0.99055 -2.16949 -2.29292 2.17809 -0.13998 3.93384 -4.06023 1.16037 1.13183 -3.85092 -1.31546 -0.29134
4.48528 6.69112 -0.31921 2.58817 6.04368 0.49925 -0.68776 -3.77725 -2.82338 -2.33809 1.73618 -0.35808 -2.7304 -0.27029 3.01387 2.31853 -2.19376 0.0971 -5.75465 -4.60112 -2.01781 0.1364 3.51519 0.76478 -0.96871 -13.92445 -4.61017 3.36573 2.27729 -1.1443 36.8509 -0.30463 -4.10712 -4.55905 1.63944 -2.09661 1.59722 0.48226 1.74759 0.32055 -1.00065 1.53419 -0.642 1.36267 -5.62672 0.36594 1.72291 -6.46766 0.0917 -0.02677
2.90515 4.88135 1.51172 -0.56336 5.90436 -0.33524 -2.07983 -2.74764 -0.36118 -3.5739 -0.18164 -1.26093 -2.74285 1.10459 4.04848 2.97605 -0.66917 0.44482 -4.86968 -3.85965 -0.61528 0.27293 2.11948 0.68378 -0.58621 -12.59441 -3.60438 3.97798 0.55771 -1.02872 29.953 -0.79969 -2.07694 -2.65404 1.17061 -0.36543 3.51541 0.55883 2.46601 -1.85651 -1.68847 0.11495 -0.33849 2.71812 -3.66758 1.92004 0.85159 -4.50356 0.3222 -1.26817
4.21607 4.03158 1.52506 -0.7533 6.55844 0.66581 -2.11425 -3.02771 -1.16472 -1.80667 -0.68439 -2.0122 -2.15022 0.64769 5.12817 2.53908 -0.18803 1.85249 -4.98449 -5.15987 -1.38829 0.79441 2.17129 0.64962 -0.47251 -14.98441 -3.9336 3.34881 1.91754 -0.74583 34.4171 0.09529 -2.36125 -3.22124 1.3828 -0.65638 2.7571 2.0188 1.44109 -2.29708 -2.07917 1.0914 0.06952 3.79255 -3.04812 2.09172 -0.7232 -3.95381 -0.92284 0.42737
3.48772 3.85973 1.52035 -0.8726 6.32478 0.48882 -1.70087 -2.70011 -0.74179 -2.77395 -0.15777 -2.11639 -1.98267 0.58694 3.90381 3.538 -0.80125 0.73803 -4.96486 -5.09361 -0.43003 -0.3205 1.82572 0.58888 -1.19017 -14.96401 -3.58783 3.44776 0.35653 -0.77681 34.4879 0.06642 -1.64833 -2.40148 1.84238 -1.51592 2.73583 1.23131 2.68476 -2.23038 -2.79394 0.98613 -0.01896 3.52313 -3.32013 2.26295 0.21488 -4.65295 -0.34642 -0.78028
3.28586 5.04485 1.28676 -0.61748 6.19713 -0.67658 -1.68247 -2.67566 -0.49924 -3.48871 -0.38413 -1.25339 -2.84857 0.97518 3.59959 2.79733 -0.50001 0.7763 -5.10124 -4.22814 -0.93922 0.48508 1.62137 0.65122 -0.56445 -12.99683 -3.33657 4.24558 0.64623 -1.32139 29.9347 -0.77043 -2.34042 -2.65026 0.91465 -0.43052 3.47668 0.54852 2.1689 -1.59226 -1.20827 0.32943 -0.52907 3.01965 -3.64098 2.01514 0.66804 -4.68655 -0.01092 -1.31692
3.0724 4.23651 1.98077 -0.83054 6.61092 0.0638 -1.95938 -3.3031 -0.65084 -2.09451 0.12241 -1.91219 -2.05012 0.15993 4.43626 3.16468 -0.7543 1.14013 -5.18076 -5.11876 -0.19586 0.19789 1.93199 0.28799 -0.88856 -14.84171 -3.51742 2.72436 0.87077 -0.44892 34.5111 0.58939 -1.88083 -3.00741 1.81297 -1.42202 2.45311 1.26272 2.36944 -2.15359 -2.58917 0.75631 0.23319 3.50216 -2.83835 1.69199 0.20371 -3.73012 -0.23808 -0.3428
4.59207 3.90396 1.62141 -0.54514 6.43142 0.49392 -2.57582 -3.28114 -1.09461 -2.11217 -0.9322 -1.91683 -2.45455 0.73325 5.22704 2.33724 -0.08235 1.89102 -4.81228 -5.20227 -1.1213 1.16149 2.2747 0.61635 -0.48974 -15.03361 -4.11442 2.88156 1.39396 -1.31466 34.9353 0.28745 -2.5971 -3.14576 1.36238 -0.34765 2.56868 1.54731 1.48506 -2.01032 -2.23976 1.17249 0.31439 3.62656 -2.66223 2.21167 -0.80907 -3.74998 -1.43667 -0.0834
4.21696 5.80424 -0.19988 2.13407 5.19771 0.69837 -2.19456 -3.08346 -2.6263 -2.98582 0.45768 -0.3579 -3.8903 -0.35423 2.91643 1.45594 -0.96456 0.3846 -4.54955 -3.30012 -1.28062 0.49564 3.28452 1.68475 -1.58329 -14.55273 -3.85609 2.47862 1.53233 -1.89814 35.8209 -1.15067 -4.39989 -3.53475 1.25666 -1.98769 1.92242 0.66244 2.2421 0.47972 -0.94749 0.52859 -0.18763 1.05539 -4.22872 1.41724 -0.21799 -6.36672 -0.02951 0.18117