0.9908258910617913 0.9919568375934901 0.9924010540855372 0.9926147144953806 0.9975607089456393
0.9858002802338833 0.9917011198088286 0.9948425169156829 0.994888999884388 0.9954772512209381
0.9890287254928607 0.9891294297774174 0.9922413393092697 0.9961171655814243 0.9985327651789313
0.9902998913088001 0.9903675167822434 0.9904586002404616 0.9933759129272732 0.9982823545054305
0.9902701037883168 0.9903580095018144 0.9905943658251102 0.9910807554590473 0.9985232282999938
0.9881192037355077 0.9886734025477217 0.988967875126679 0.9890827573379961 0.9903761556261379
0.9887478669219951 0.9891454032493374 0.9904056746550944 0.9920926895436725 0.9999999999998859
0.9917309384007702 0.9921650720026617 0.9922298847744611 0.9970685241356743 0.9999999999998782
0.9847198372756221 0.9886597615447004 0.9891846378405252 0.9894097977106542 0.9894341533426646
0.9819681393678688 0.9819879161765104 0.9820708351031155 0.9821532387201473 0.9827136240043818
0.9750199900469201 0.9759494797913968 0.9789008287620258 0.9799837768036754 0.9800370986298537
0.9905910682962117 0.990623289013058 0.991376447283399 0.9927966255673859 0.9933408318557223
0.9907505101793588 0.9920653492340767 0.992149827121213 0.9921712629630148 0.9927880969853645
0.9935122466950899 0.9941478459047215 0.9948719173931564 0.9949114614858683 0.9954544470759759
0.9808697541644629 0.9809331057532712 0.9815531303686852 0.98247639634113 0.9882572465977814
0.9942888570540549 0.9947087227509133 0.9968401301244163 0.9971413691065925 0.9999999999999446
0.9942888577997792 0.9959555245284207 0.9966216909969366 0.9977234287732225 0.9999999999999485
0.992599552218923 0.9940529203557561 0.9943653723889578 0.9973316316838989 0.9980415310593429
0.9937845757692743 0.994032159276081 0.9946704042031304 0.9975987034176139 0.9979875286297029
0.9856733602025549 0.9860539596289867 0.9866516247291386 0.9878820441903031 0.9883883747375395
0.9908860764188882 0.9910283629409042 0.9933611706627072 0.9955224785508461 0.9963792582590669
0.9918471663081865 0.9941600261663537 0.9949803721850241 0.9971016209072385 0.9999999999999427
0.9906553641132136 0.9922215834803586 0.9942964264335739 0.9948171121216698 0.9957690252395743
0.9939478086750619 0.9941600126444372 0.996246004154898 0.9968555745628689 0.9999999999999488
0.9930919218157386 0.9935150582295571 0.9935646504184079 0.997638915449303 0.9979629299673924
0.9925182174801869 0.9933615467202683 0.9939097172455597 0.9971110580486638 0.99795017036614
0.993157972739228 0.9933021224812972 0.9939079346042409 0.9957829921177332 0.9962600084271908
0.9937783858497482 0.9939478237174528 0.9961546470347711 0.9981435324348811 0.9999999999999283
0.9931048095142121 0.9933234490707918 0.9935483390281639 0.9963332831046661 0.99999999999993
0.9929792399484991 0.9933589459716743 0.9935725429662097 0.9956454244782875 0.9961427779465126
0.9914644206238713 0.9918634001301623 0.9941704257275001 0.9963906778979796 0.9975850945473289
0.9922397932776912 0.9935497251317599 0.9960221380515037 0.9970795283326264 0.9976922163841409
0.9948750990010162 0.9951583413029056 0.9957539264125668 0.9969717898136464 0.997713550423516
0.9962399586685952 0.996427767051393 0.9977364387993498 0.9982563053143603 0.9999999999999438
0.9944340474442688 0.9950548702172645 0.996734161357892 0.9971413726537761 0.9999999999999352
0.9906035886372863 0.9909978642860029 0.9921542774821575 0.993255089942745 0.9938396993881372
0.9927774286759983 0.9930607664126088 0.9935221116445773 0.9967838182666622 0.9977895772585286
0.9940282195432331 0.9945985016668656 0.99490263849854 0.9965888679535448 0.9971821193136967
0.9716514309823038 0.9743503158127149 0.9744550972791906 0.9751423737893946 0.9752533987490448
0.9898280360622533 0.990333943944695 0.9905600967281047 0.9959475558583927 0.9986128381787888
0.9838814097278616 0.9840627823561456 0.9863267141779589 0.9869735635727965 0.9888855137734054
0.9757688725320952 0.9773862008247745 0.9794507381776776 0.9813237670920022 0.9835056958858517
0.9921221421625216 0.9932881238347455 0.994730080842875 0.9967199499218111 0.9991679891286167
0.9727035797616124 0.9743758940693052 0.9766764939434047 0.9768075877452429 0.9782602934554504
0.9728916348206353 0.9760587687658198 0.9764803354308023 0.9779108950699114 0.9798644390563258
0.980909515471319 0.9809693608004415 0.9835655996953252 0.9857724084875403 0.9862351680066173
0.9770329711987159 0.9771735995501857 0.9795555051702302 0.9810648790429548 0.9865990979921011
0.9870620676848145 0.9879720761677074 0.9881325058696016 0.9946836812407329 0.9982065557261506
0.9249215042396246 0.9285332860710791 0.9286333293367609 0.9432724392117526 0.945865925535081
0.9770329711987159 0.9771735995501857 0.9795555051702302 0.9810648790429548 0.9865990979921011
0.9885709706855967 0.9895071102519268 0.9921556664351656 0.9937036299470573 0.9970576817164148
0.989487468551959 0.9903474967408634 0.9909072908031824 0.9913202305148119 0.9945200228276245
0.9605574359976201 0.9674603720637556 0.9674778545353317 0.9692926280428247 0.974771899490464
0.9605574359976201 0.9674603720637556 0.9674778545353317 0.9692926280428247 0.974771899490464
0.9605574359976201 0.9674603720637556 0.9674778545353317 0.9692926280428247 0.974771899490464
0.9707522381134579 0.971470271159665 0.9750878335634756 0.978310877334049 0.9785089753644153
0.979873289048931 0.9800248430155827 0.9814755035330879 0.9833066623988073 0.9899704204805035
0.9929483078647225 0.9944237639692779 0.9946066760183213 0.9961540708284783 0.9961851576007805
0.9537976503760688 0.9553219257225466 0.9558451275482549 0.95607418485338 0.9634612792140493
