0.9913678619859099 0.9917608710729654 0.9928574558216043 0.9933333079167572 0.9999999999998983
0.9913678346677193 0.9921650804752418 0.9923035823225583 0.9974023790766346 0.9999999999998992
0.9910023302386768 0.9922298837361931 0.9928574135691994 0.997402370211125 0.9999999999998793
0.990405653368569 0.9904297459388549 0.9910023779666256 0.9933333019731645 0.9999999999998811
0.9901582771146341 0.991730971376211 0.9917608846540158 0.9920927008907747 0.9999999999999034
0.9887478373605368 0.9901582518328255 0.9923035802896607 0.9970685308942389 0.999999999999903
0.9897685141696032 0.989902402580485 0.990480978313499 0.9906954892729074 0.9919277316956097
0.9887478669219951 0.9891454032493374 0.9904056746550944 0.9920926895436725 0.9999999999998859
0.9884902867723129 0.988575555164452 0.9892401224904483 0.9910161552965102 0.9945223185985775
0.9880936477095048 0.9889188731213385 0.9891570011881824 0.9894494053201155 0.9914144881323896
0.9889758270661431 0.9890102765962895 0.9904314251567079 0.9909264461937005 0.9999999999998621
0.9918977301655667 0.9928473132220834 0.99421497078518 0.9952583530387349 0.9999999999999456
0.993583109015422 0.9943863348079869 0.9952583550297647 0.9956614034041436 0.9999999999999436
0.9935831055627363 0.9942149679508129 0.9943533014190158 0.9951777898945185 0.9999999999999463
0.9948586010951573 0.9953776283188548 0.996215201613824 0.9976972873008345 0.998711188504811
0.9923058306081556 0.9934046951286747 0.9943797929903141 0.9953146309596503 0.9960623548791905
0.9942888570540549 0.9947087227509133 0.9968401301244163 0.9971413691065925 0.9999999999999446
0.9942888577997792 0.9959555245284207 0.9966216909969366 0.9977234287732225 0.9999999999999485
0.9931506184260793 0.9945776307899141 0.9953748157975029 0.9978543534029043 0.999009353171888
0.9923819860060512 0.9947908897745146 0.9960191209862623 0.9992963906470063 0.999999999999972
0.9936714513981183 0.9962460049910735 0.9971016152359886 0.9984539015903686 0.9999999999999549
0.9937783704568075 0.9949803680163087 0.9968555746410765 0.9984539020355969 0.999999999999946
0.9918471663081865 0.9941600261663537 0.9949803721850241 0.9971016209072385 0.9999999999999427
0.9939478086750619 0.9941600126444372 0.996246004154898 0.9968555745628689 0.9999999999999488
0.9929654374604455 0.992994923041705 0.9956614092594064 0.9992871002875021 0.9999999999999671
0.9924869211432794 0.992939150090175 0.9943863344003584 0.9992870975623108 0.9999999999999682
0.9897685141696032 0.989902402580485 0.990480978313499 0.9906954892729074 0.9919277316956097
0.9949759066686441 0.9954596930303277 0.9963332896043959 0.9981435305652088 0.9999999999999469
0.9937783858497482 0.9939478237174528 0.9961546470347711 0.9981435324348811 0.9999999999999283
0.9931048095142121 0.9933234490707918 0.9935483390281639 0.9963332831046661 0.99999999999993
0.9931048104995859 0.9931984386095007 0.9954596969559935 0.9961546494416353 0.9999999999999369
0.9932251887099975 0.9943372861487123 0.9951777853184864 0.9991410729692995 0.9999999999999638
0.9943532935334345 0.994524646043441 0.9946286458568627 0.9991410722769132 0.9999999999999598
0.9958364893822014 0.9967341591278468 0.9977261470029487 0.9982563032207393 0.9999999999999505
0.9962399586685952 0.996427767051393 0.9977364387993498 0.9982563053143603 0.9999999999999438
0.9944340474442688 0.9950548702172645 0.996734161357892 0.9971413726537761 0.9999999999999352
0.9957210753790483 0.9959555889175519 0.9964277638948105 0.9977234276954143 0.9999999999999458
0.9945246495694219 0.9947908968953907 0.9960068643086035 0.9991644611947237 0.9999999999999669
0.9942966021942787 0.9957018685767884 0.9960191292228449 0.9991644600757472 0.9999999999999694
0.9898280360622533 0.990333943944695 0.9905600967281047 0.9959475558583927 0.9986128381787888
0.9898280360622533 0.990333943944695 0.9905600967281047 0.9959475558583927 0.9986128381787888
0.9760142984917486 0.9849326848928877 0.9863819666314343 0.9865700130033045 0.9903968787678887
0.9887892229995284 0.9899302744802185 0.9910955337310358 0.9950951715485501 0.9985064940140151
0.9887892229995284 0.9899302744802185 0.9910955337310358 0.9950951715485501 0.9985064940140151
0.9887892229995284 0.9899302744802185 0.9910955337310358 0.9950951715485501 0.9985064940140151
0.9898280360622533 0.990333943944695 0.9905600967281047 0.9959475558583927 0.9986128381787888
0.993017071994343 0.9960571070644616 0.9967204645735732 0.9983522314538825 0.9995372996834886
0.9927433055861233 0.9937583102131196 0.9961389290748879 0.9972125785156933 0.9994749620279559
0.9870620676848145 0.9879720761677074 0.9881325058696016 0.9946836812407329 0.9982065557261506
0.9832257727324976 0.9844588677065185 0.9857374162676762 0.9872582506259497 0.9913772259110427
0.9879088664411888 0.9883914879477533 0.9898189725075535 0.9947378316635735 0.9981330370828982
0.9879088664411888 0.9883914879477533 0.9898189725075535 0.9947378316635735 0.9981330370828982
0.9879088664411888 0.9883914879477533 0.9898189725075535 0.9947378316635735 0.9981330370828982
0.9923335885610346 0.9924885103226372 0.99573504756157 0.9967765146208607 0.9993259084904417
0.9923335885610346 0.9924885103226372 0.99573504756157 0.9967765146208607 0.9993259084904417
0.9889229635572578 0.9894134954808618 0.9899003764194402 0.9941458670104053 0.9951499856492192
0.995693970013791 0.9962687002017847 0.9964439079767999 0.9980253175296674 0.9992655481505694
0.995693970013791 0.9962687002017847 0.9964439079767999 0.9980253175296674 0.9992655481505694
0.995693970013791 0.9962687002017847 0.9964439079767999 0.9980253175296674 0.9992655481505694
0.9939966293586707 0.9956972973657523 0.9963824177841927 0.996525564444427 0.9991839523864456
