0.9807601518075884 0.9831805438499233 0.994488840620406 0.9957305667298747 0.9999999999999329
0.9866162442129291 0.9875736962965512 0.989034231083453 0.9908996711341971 0.995422964696294
0.9826488242550753 0.9836895121080849 0.9941793478285489 0.9944888593771661 0.9999999999999258
0.991207423102852 0.9915733063140073 0.9942929897954285 0.9971637116970216 0.9999999999999232
0.9884847599871893 0.9888362000422508 0.9897616495440245 0.9925377947025122 0.9963205420105545
0.9882246678773507 0.9889856130160244 0.9923486677140437 0.9970294213416524 0.99999999999991
0.9909580047536535 0.9928205887895237 0.9940188759857225 0.9963515416884275 0.9973073214926297
0.9831805324794373 0.9868923434885439 0.9903886297188065 0.9912074082975246 0.9999999999999093
0.9837043846598605 0.9851315167544159 0.9861436803229293 0.9925665147319158 0.99999999999992
0.9879762586016401 0.9895452314085014 0.992448575671577 0.9970294185718003 0.9999999999998871
0.9858040940144057 0.9903886359459231 0.9942929917905076 0.9967321742028378 0.9999999999999043
