0.9937783858497482 0.9939478237174528 0.9961546470347711 0.9981435324348811 0.9999999999999283
0.9939478086750619 0.9941600126444372 0.996246004154898 0.9968555745628689 0.9999999999999488
0.9962399591382818 0.9968401345222898 0.9977261444928321 0.9983560450877047 0.9999999999999598
0.9944340474442688 0.9950548702172645 0.996734161357892 0.9971413726537761 0.9999999999999352
0.9929654374604455 0.992994923041705 0.9956614092594064 0.9992871002875021 0.9999999999999671
0.9928473102334365 0.9957018619812771 0.9960068605528805 0.9992963911875969 0.9999999999999715
0.9923819860060512 0.9947908897745146 0.9960191209862623 0.9992963906470063 0.999999999999972
0.9894899401915657 0.990516541370632 0.9910968800876441 0.994772096259565 0.9958703241607414
0.989967245044924 0.99068027160287 0.9927914280455352 0.995085421180465 0.9959235792065022
0.9929929586673139 0.9935185074390823 0.9950529883292927 0.9967858334511437 0.9979743130023127
0.9887478373605368 0.9901582518328255 0.9923035802896607 0.9970685308942389 0.999999999999903
0.9927435884934701 0.9935624250371375 0.993796652459249 0.9970690055130425 0.9984319524649575
0.9913678619859099 0.9917608710729654 0.9928574558216043 0.9933333079167572 0.9999999999998983
0.9919424488557225 0.9939823975856437 0.9953183243585959 0.9989432851075812 0.9997475700909688
0.9820031958356739 0.9821739215766341 0.9822401123558107 0.983286171767196 0.9836852849928419
0.9587776312278551 0.963028561888773 0.9644702411244581 0.9688969425465062 0.9690300976689755
0.9870620676848145 0.9879720761677074 0.9881325058696016 0.9946836812407329 0.9982065557261506
0.992485641764564 0.9926758623964297 0.9944707159614351 0.9954257702426992 0.998931540258035
