0.9910349272561985 0.9919651934054461 0.9927468079437981 0.9945089388199055 0.9947199032624179
0.9926592070668601 0.9944912134079512 0.995219520131295 0.9957642436151894 0.9962783234325998
0.9844715565652103 0.9857625241141426 0.9862067242784958 0.9876299971690305 0.9884807687220449
0.9917499793186251 0.9918669314587076 0.9920233609353492 0.9933242386685988 0.993623257273208
0.9917897021003728 0.9933015253893543 0.9935870484187914 0.9958095712448014 0.9961421371835759
0.9927986955314259 0.9954788622698951 0.9954855793175886 0.995676534318884 0.995792691983348
0.9943512458500074 0.9944631064022477 0.9951704410866441 0.9955006279390717 0.9957320161504541
0.9906346380587217 0.9919548307335566 0.9923887026883853 0.9924633429773281 0.9927546656161996
0.9924756666012176 0.9925258338611695 0.9927091065220341 0.9927861656252523 0.9932424815087135
0.9923625564031884 0.9923924120639276 0.9927948486485894 0.9957395006293388 0.9961435214838785
0.9894756546848037 0.9899554913201445 0.9899611964868523 0.9914496704941513 0.9915889927089291
0.9893188078959024 0.9905854126533173 0.9920667844704405 0.9921785634199296 0.9922957867270057
0.992764739783566 0.9948101912429941 0.994871547498192 0.9954891994331907 0.9958632141617565
0.993725882581433 0.9937997300832576 0.9943447280878634 0.9949065086113829 0.9953262653172044
0.9885803866756493 0.9897042204706283 0.9913170737054933 0.9921740170329115 0.992313232079522
0.9911826572735478 0.992710636599121 0.9927503364847869 0.9932651125340219 0.9935313325611788
0.9847638230953001 0.9861329266023244 0.9874601302871919 0.9889609642828563 0.9891613454515626
0.9860305410597539 0.986135985709069 0.9878953403355073 0.9880424544054613 0.9897494149844042
0.989019340349337 0.9892847787876926 0.9892908963032552 0.9910491335595399 0.9913827033043109
0.9891004924577844 0.9900391311797816 0.9903382438941428 0.9903888915429523 0.9910744546823472
0.988515046513217 0.9890022776398688 0.9891187527064107 0.9896594810397255 0.990211909365975
