0.9950533347216669 0.995167846410487 0.9954964387495866 0.9979541293450552 0.9982709630941546
0.9971282839599702 0.9975330900749142 0.9982220173563202 0.9995695764609002 0.9999999999999505
0.9952942903293709 0.9953581026041729 0.9955758188899861 0.9971627399006704 0.9973246237839319
0.989958838267005 0.9908588170686143 0.9909175373689163 0.9923635571699982 0.99257557024671
0.9971161276503775 0.9979098878461123 0.9982220250907909 0.9991696250923948 0.9999999999999498
0.9971652793415836 0.9973884301110294 0.9979098753722844 0.999569572444558 0.9999999999999543
0.9904891271787853 0.9907763417253489 0.9966067170654237 0.9972106798958704 0.9999999999999498
0.9950974035392803 0.9950999095776949 0.9954737775090001 0.9972204528486703 0.9976260906711305
0.9971282836539663 0.9973252013196499 0.9980742157201414 0.9995349278016683 0.9999999999999494
0.9969077181377428 0.9971483123935738 0.997325210039968 0.9990968053998284 0.9999999999999484
0.9910819874371357 0.9916113344428537 0.9919850263561103 0.9932133433361094 0.9934482870733652
0.9860841377439491 0.9863054353851378 0.9865546181261164 0.9892261075557157 0.9895167651080359
0.9969184051583586 0.9971652778011533 0.9977417144719988 0.999534925697357 0.9999999999999536
0.9898723920754208 0.9900949866669999 0.9963701136374561 0.9972106808264348 0.9999999999999434
0.9958690937652898 0.9960880362469342 0.9967135436417889 0.9994660114253777 0.9999999999999352
0.9971002981374828 0.9973884309003627 0.9979150975197899 0.9995080043383848 0.9999999999999453
0.9941475217664231 0.9945021416747166 0.9945468027158948 0.9966483790806716 0.9968386826925288
0.9953168628395577 0.9958420948565385 0.9963117151028047 0.9994660082948167 0.999999999999936
0.9969795700676563 0.9975878392742011 0.9979151014337573 0.9990197440806909 0.9999999999999447
0.9965796455097229 0.9966584813648698 0.9975878317921368 0.999508002778651 0.99999999999995
0.9893486222687331 0.9895865645128006 0.9963701064727848 0.9966067120589936 0.9999999999999446
