0.9906740093087777 0.9907686756180528 0.9915432921941958 0.9934220940320355 0.9934522981345557
0.9940263139343628 0.9959057787362037 0.9961533487999917 0.9964865512041883 0.9971504722065142
0.991041029076922 0.9914277956677965 0.9914278502252126 0.9943225022719517 0.9944362838472971
0.9875429763465354 0.9881539858872865 0.9883883252456422 0.9895872825213591 0.99061690420905
0.9857858892646238 0.9861141264467862 0.9862831413534352 0.9891624215511362 0.9893950968180194
0.9934510549831861 0.993540588110466 0.994446228417269 0.9945786231638943 0.99512464565036
0.9815382033563953 0.9826926636032762 0.9830009716340746 0.9841617843154894 0.9843232629141241
0.9848197724430712 0.984908513075377 0.985952870934827 0.9865189760025062 0.9872066693744058
0.9858890258123576 0.9866616142571446 0.9878493919137088 0.9892727136806401 0.9893724897916968
0.9923625564031884 0.9923924120639276 0.9927948486485894 0.9957395006293388 0.9961435214838785
0.991352146180881 0.9932764948423354 0.9933055083760869 0.9942768192736996 0.9944775486720805
0.9927604477136285 0.9929734390976432 0.9933658460091002 0.9934496317208026 0.9941032324728245
0.9930270168451529 0.9932717896059035 0.9933432555909618 0.9935360207732866 0.9942006843041643
0.9907060821121687 0.9908362305424278 0.9908514079446769 0.9914191453080407 0.9920143622223669
0.985840963254585 0.9862721672493895 0.9870767229222908 0.9877078385955631 0.9880046690264355
0.9890352731365659 0.9894675472668765 0.9899397374176446 0.99014103744342 0.9902607759037481
0.9864894007940812 0.9865435606624577 0.9874676358312307 0.9885146165327009 0.9899050260962314
0.9824659202136871 0.9826188965179643 0.9827722296483615 0.9830226574536403 0.9832512075407822
0.9840964670975172 0.9855125053216884 0.9861221217604121 0.9868392146332063 0.9871613411939283
0.9893465182965158 0.9912647362023557 0.9913495726074457 0.991627821882279 0.9924180351497623
0.9871394860403812 0.9878937674370368 0.9881116559187524 0.9881777263844732 0.9889154633691462
