0.9337819099877187 0.9441345843500888 0.9460715063698875 0.9510218097119276 0.960081602327935
0.983739551241803 0.9861436708751747 0.9941793221569026 0.9957305584999956 0.9999999999999345
0.9882165356494885 0.9884520356105364 0.98887627453665 0.9906741741505158 0.9906886568594295
0.991207423102852 0.9915733063140073 0.9942929897954285 0.9971637116970216 0.9999999999999232
0.9915733043981675 0.9923486621545072 0.9924485819954163 0.9925665349732742 0.9999999999999281
0.9882246678773507 0.9889856130160244 0.9923486677140437 0.9970294213416524 0.99999999999991
0.9882246665932768 0.9902396824322507 0.9967321714124562 0.9971637167856252 0.999999999999923
0.9831805324794373 0.9868923434885439 0.9903886297188065 0.9912074082975246 0.9999999999999093
0.9837043846598605 0.9851315167544159 0.9861436803229293 0.9925665147319158 0.99999999999992
0.9879762586016401 0.9895452314085014 0.992448575671577 0.9970294185718003 0.9999999999998871
0.9858040940144057 0.9903886359459231 0.9942929917905076 0.9967321742028378 0.9999999999999043
