0.9937783858497482 0.9939478237174528 0.9961546470347711 0.9981435324348811 0.9999999999999283
0.9939478086750619 0.9941600126444372 0.996246004154898 0.9968555745628689 0.9999999999999488
0.9962399591382818 0.9968401345222898 0.9977261444928321 0.9983560450877047 0.9999999999999598
0.9944340474442688 0.9950548702172645 0.996734161357892 0.9971413726537761 0.9999999999999352
0.9956614092594064 0.9970490891056993 0.9972518622895279 0.9992871002875021 0.9999999999999671
0.9952869718359854 0.9957018619812771 0.9960068605528805 0.9992963911875969 0.9999999999999715
0.9947908897745146 0.9953801374485457 0.9960191209862623 0.9992963906470063 0.999999999999972
0.9894899401915657 0.990516541370632 0.9910968800876441 0.994772096259565 0.9958703241607414
0.99068027160287 0.9918745033894518 0.9927914280455352 0.995085421180465 0.9959235792065022
0.9929929586673139 0.9935185074390823 0.9950529883292927 0.9967858334511437 0.9979743130023127





