0.9938637592524951 0.9941655151001771 0.9953904961217823 0.995617288806173 0.9976516684180984
0.9936693476151508 0.9938647128327338 0.9957862143633418 0.9967027717201559 0.9980112889847501
0.9915610181565438 0.9921501864850617 0.9928898310037346 0.9929832890570163 0.9934363164087301
0.989422219358879 0.9906401969922073 0.9909636403996078 0.991358276907381 0.992529907996522
0.9936578868939098 0.9955868454893745 0.9960004458683127 0.9964521125737917 0.9976060451507898
0.9906808462629446 0.9908577905594184 0.9922901000123886 0.992581877822294 0.9935148283764117
0.9915610181565438 0.9921501864850617 0.9928898310037346 0.9929832890570163 0.9934363164087301
0.9945251475591932 0.9951886086412387 0.9954426457320478 0.9959946211186781 0.9975807725733212
0.9897773784764476 0.9912493076815407 0.9921430424086689 0.993737212271331 0.9970222297120179
0.9959555951352301 0.996621690233181 0.9977364474243199 0.9983560474553049 0.9999999999999456
0.9865543923684881 0.9866705043874201 0.9871038495706783 0.9891137687821829 0.9891971893596789
0.9851763743050361 0.9852484694533412 0.9867615181556845 0.9872293581810663 0.993485372131699
0.9958364893822014 0.9967341591278468 0.9977261470029487 0.9982563032207393 0.9999999999999505
0.9941151792878478 0.9948645258652329 0.9955443310343305 0.9957178004027638 0.9966999737088118
0.9907040812120298 0.9911571255945084 0.9923983219610713 0.9929908534575013 0.9935291412063133
0.991495837999891 0.9915234728043302 0.9918279458924266 0.9942516626891431 0.994572418921124
0.9959555951352301 0.996621690233181 0.9977364474243199 0.9983560474553049 0.9999999999999456
0.9884022871022309 0.9899702896246068 0.9925453316127826 0.9928636317743723 0.993843477811133
0.9889710891754198 0.9901272139002428 0.9910431672323399 0.9925016404271927 0.992514475819809
0.99203605448714 0.9927083823385034 0.9940449074021236 0.9943962289505506 0.9954521029525839
0.9867269822864573 0.986735242368785 0.9876580039892154 0.9919949409785227 0.9925288599947953
