2.38503 2.39098 -1.70475 -0.16511 2.64246 -0.40248 -1.68056 -1.53774 1.57876 -1.56157 2.91284 1.05606 -1.57548 0.71705 1.51917 3.48968 -0.17774 2.38561 -3.32422 -2.57022 -1.11031 0.1193 -0.00897 -0.75531 -0.2697 -15.83799 -6.49996 2.71419 3.40719 0.01301 28.21385 0.52602 -3.77741 -2.93607 0.0158 -0.28539 0.58898 -0.00504 1.33482 -0.85598 -1.21945 1.24293 -0.38616 0.93231 -2.64348 1.13432 -0.36054 -1.06962 -1.2521 1.037
1.95407 3.45247 -1.59833 0.28774 4.69057 0.69939 -1.9179 -2.9268 -0.01798 -0.47247 1.07197 1.3646 -2.03823 -0.29974 1.80829 2.71508 0.9736 1.56225 -2.93155 -3.22823 -1.52394 0.10791 -0.20431 0.27012 1.05211 -15.9036 -7.22296 1.5698 3.02733 -1.60017 29.8527 -0.45923 -3.44426 -4.50683 0.71834 -1.11462 0.31621 0.03766 -0.73207 -2.43848 -1.16859 0.4859 -0.4169 1.29742 -2.00279 1.49348 -0.13527 -1.45484 0.40857 1.40272
2.38674 2.62649 -1.57526 0.27685 3.68279 -0.04909 -1.87601 -1.94123 1.67112 -1.9191 1.67037 1.04928 -1.8315 -0.17456 2.86459 2.89866 1.22694 -0.13694 -1.11336 -1.46593 -1.56732 -0.14249 0.44778 0.56861 0.48264 -14.37885 -6.05493 0.44715 1.10901 -1.04585 27.3412 -0.81995 -4.02494 -4.69676 -0.78525 -0.89208 0.46998 -1.33553 0.21173 -1.7996 -2.11712 -0.11513 -0.03817 1.41488 -2.74173 0.85955 -0.15192 0.03238 -0.42968 -0.04639
3.37044 2.49738 -2.44634 -0.35106 2.7561 -0.8827 -1.2954 -1.53644 2.35616 -1.33867 2.47389 1.92037 -0.73225 0.3003 0.8575 2.55562 0.75781 1.90531 -4.4958 -2.21367 -1.37749 0.03445 0.19147 -0.83849 -0.20286 -15.32764 -6.03704 2.35669 3.00374 0.41893 27.28919 0.14011 -3.98691 -3.22551 0.16572 -0.59671 0.80252 -0.86225 0.26725 -0.82639 -0.43727 1.14896 -0.11442 1.15983 -3.07562 1.55705 -1.08053 -1.02284 -0.79935 0.81169
2.39499 2.45845 -0.8544 -0.84605 1.8749 -0.63451 -0.31448 -2.19644 1.77305 -1.18087 2.77678 0.19557 -0.62003 1.30626 1.39239 4.46229 -0.48724 2.40169 -5.18179 -4.38763 -0.02034 -0.0899 1.93813 -1.24931 0.51678 -14.24316 -6.30223 4.25052 4.74393 0.98968 28.17875 0.49216 -3.26427 -2.49189 0.17418 -0.58949 0.89153 1.23104 3.54746 0.77561 -0.7913 2.4075 -0.29839 1.21319 -2.18614 2.06244 1.46019 -1.50059 -1.28761 1.37434
2.69375 3.34902 -1.18528 0.57724 4.83142 0.50366 -0.27012 -4.08099 -0.75319 0.4635 1.36574 1.10204 -1.32408 -0.34745 1.69214 3.10458 -0.03897 1.65507 -4.74672 -5.16124 -1.61201 0.00805 0.44176 -0.99308 2.19742 -13.72002 -7.48868 2.99764 3.73823 -1.56106 27.9749 0.45065 -2.70137 -4.55612 0.81023 -1.09468 -0.08449 0.21957 -0.26134 -1.52745 -0.64465 2.20561 -1.1654 1.21356 -2.15929 0.93722 2.06416 -1.84885 0.54085 1.22096
2.8581 1.63616 -1.04288 0.11225 2.97767 -0.0457 -1.73503 -2.40163 1.13299 -1.63086 0.68564 0.7869 -2.27725 -0.30621 2.651 2.42557 1.44357 0.24338 -1.72343 -2.09794 -0.9182 0.11689 0.86318 0.22538 1.01337 -12.82355 -5.56657 0.98788 1.07495 -1.76058 24.4334 -0.75611 -3.57482 -3.72175 -1.07614 -0.76322 0.39448 -0.97344 1.17697 -0.7294 -1.54001 0.59898 -0.3323 1.02374 -1.50023 1.35459 0.10661 -0.26069 -0.41861 -0.02021
3.8418 1.50705 -1.91396 -0.51566 2.05098 -0.87931 -1.15442 -1.99684 1.81803 -1.05043 1.48916 1.65799 -1.178 0.16865 0.64391 2.08253 0.97444 2.28563 -5.10587 -2.84568 -0.72837 0.29383 0.60687 -1.18172 0.32787 -13.77234 -5.54868 2.89742 2.96968 -0.2958 24.38139 0.20395 -3.53679 -2.2505 -0.12517 -0.46785 0.72702 -0.50016 1.23249 0.24381 0.13984 1.86307 -0.40855 0.76869 -1.83412 2.05209 -0.822 -1.31591 -0.78828 0.83787
1.902 4.00459 -1.60767 -1.80088 5.14913 -1.10258 -2.47578 -1.47043 -0.32871 -2.26162 -0.61274 -0.75778 -1.68257 1.60042 4.28428 3.97668 0.23851 1.02269 -4.10876 -4.50021 0.41655 1.28612 2.15431 0.69679 1.08151 -14.33492 -5.26589 4.58068 3.04607 -0.91971 29.6154 -0.27537 -2.95713 -3.616 0.33794 -0.21842 2.01238 2.13045 3.85648 -0.93476 -2.37488 1.2402 -1.33311 3.30707 -2.37018 2.14933 1.0192 -3.6978 -0.01939 0.28014
2.63172 3.83367 -2.04497 -0.83044 6.05754 -1.06628 -2.19408 -1.96592 -1.25821 -1.70635 -0.18291 -0.15985 -1.92387 0.9635 4.29491 3.39357 -0.46456 1.09943 -4.06636 -4.61581 -0.76149 1.39546 0.85328 -0.07241 1.44034 -13.74617 -5.72934 4.47219 2.42023 -1.85727 27.7727 0.66837 -2.72738 -4.10947 0.27145 0.10562 1.30913 1.07628 2.11457 -1.65532 -2.27908 1.79534 -2.16938 2.94233 -2.98402 0.66495 1.3979 -3.66084 0.14839 -0.23896
2.3634 2.94679 -1.92564 -1.28454 5.21157 -0.86716 -3.70088 -1.27213 -1.06113 -2.35408 -1.46141 -0.15967 -3.08377 0.87956 4.19747 2.53098 0.76464 1.38693 -2.86126 -3.31481 -0.0243 1.7547 0.62261 0.84756 0.82576 -14.37445 -4.97526 3.58508 1.67527 -2.61111 26.7427 -0.17767 -3.02015 -3.08517 -0.11133 0.21454 1.63433 1.25646 2.60908 -1.49615 -2.22592 0.78974 -1.71501 2.63505 -1.58602 1.71625 -0.543 -3.5599 0.02718 -0.03102
