2.72888 1.19484 -0.55156 -1.31248 2.77153 -2.16208 -3.98649 -0.56629 0.13831 -3.86562 0.72838 -1.43294 -2.62643 3.20045 1.22446 3.13113 -2.60538 2.21358 -6.33762 -5.31352 3.47466 2.09356 1.00747 -0.94595 -1.24529 -15.16614 -2.41821 5.0536 2.606 -0.33327 31.09525 1.71203 -3.32749 -2.00671 0.7159 1.54625 2.17582 1.65097 2.83722 -0.41905 -0.87044 1.75901 -1.62019 0.64027 -1.65123 1.66692 0.25125 -4.9568 -0.94499 -1.65614
2.88184 0.23434 -0.12638 -1.52054 2.8911 -2.05117 -4.15386 -0.05003 0.24702 -3.58393 0.54014 -1.12082 -2.94618 3.62908 0.9894 2.9347 -2.08806 2.05117 -6.94092 -5.74738 2.85772 2.21318 0.84673 -1.01259 -0.74096 -15.35264 -1.69762 5.30235 3.45933 -0.9443 30.72195 2.16653 -2.71749 -0.88773 0.75744 1.72268 1.4488 1.96093 3.38182 -0.48882 -1.11597 2.41219 -1.17627 1.11685 -1.58347 1.74551 0.48644 -5.73004 -0.93282 -1.80122
1.91224 1.98413 -0.98945 0.05537 1.91331 -2.66523 -3.23487 -0.33173 0.09868 -4.30247 0.86533 -2.33582 -2.47118 3.37665 1.36346 3.41904 -2.40539 2.25487 -5.36543 -4.68069 2.73742 1.99821 0.11393 -0.45437 -1.70482 -12.78334 -2.09208 4.51325 1.84789 -0.13551 27.54875 1.19359 -2.84902 -1.29598 0.33763 1.48589 2.48314 2.44979 2.92278 -0.61299 -0.30316 0.77443 -0.32992 1.35788 -0.91317 2.10239 0.23448 -5.25019 -1.25282 -1.26564
2.04681 -0.59758 0.90518 -1.41229 1.92365 -2.98718 -4.45703 -0.17277 -0.10904 -3.76782 0.96292 -1.97985 -3.17026 3.70669 1.34088 3.93522 -3.0192 2.37285 -6.0931 -5.03904 4.01919 2.09429 0.42377 -1.46284 -1.66359 -14.96714 -0.92785 5.478 3.47429 -1.18994 30.07595 1.63562 -2.43316 -0.99942 -0.20818 1.59916 2.75556 1.17092 3.97225 0.36536 -1.43147 1.39733 -0.73004 1.37058 -1.41633 1.93388 -0.47976 -5.57163 -1.39862 -2.27993
3.75963 4.71653 0.79043 -0.15105 4.63782 -1.28461 -1.72852 -3.18696 0.98155 -4.84764 2.32337 -2.37502 -2.55506 3.13482 2.52741 4.39609 -3.35953 1.1619 -9.67479 -6.77596 3.17475 0.86112 2.60355 -2.10268 -2.05975 -18.40097 -4.80064 3.87355 3.11545 1.02167 44.51285 0.96768 -5.21667 -3.51925 1.9906 0.94629 4.25435 2.43887 4.19426 0.64069 -0.87281 1.78785 0.17025 1.49152 -3.98627 4.00057 2.17988 -6.21328 -1.56948 -2.47951
4.30072 4.38478 1.17317 -0.9435 4.57365 -1.22119 -1.80934 -2.79136 0.96724 -4.59816 2.38655 -1.87847 -2.1794 2.85798 1.91139 4.76866 -3.40688 1.72401 -9.4883 -7.03734 2.80632 0.86504 3.26129 -1.65538 -1.63368 -19.01067 -5.21631 4.4315 3.78399 1.01877 44.08515 1.48171 -4.99296 -3.82464 1.93653 0.62096 3.17735 2.14618 4.58337 0.44127 -1.1327 2.00258 -0.36659 1.78923 -3.89118 3.6605 1.92924 -6.34515 -1.45283 -2.05889
2.29792 2.25633 -0.44514 -0.85963 4.81964 -1.06021 -4.22383 -1.95536 -1.45843 -2.77652 -1.11249 -1.1244 -3.08918 2.18366 1.51358 2.35653 -1.45404 1.39022 -5.94495 -5.97153 3.06103 2.08217 0.81213 0.07948 0.07652 -15.23175 -3.14121 3.90921 2.22614 -1.94645 32.7341 0.72678 -2.99434 -3.57747 1.41844 0.71701 1.90305 1.69366 0.77033 -2.00156 -0.81958 1.00198 -1.65092 1.00538 -1.01054 2.02608 0.47652 -5.34202 0.71568 -1.29042
2.45088 1.29583 -0.01996 -1.06769 4.93921 -0.9493 -4.3912 -1.4391 -1.34973 -2.49483 -1.30073 -0.81227 -3.40893 2.61229 1.27852 2.1601 -0.93672 1.22781 -6.54825 -6.40539 2.44409 2.20179 0.65139 0.01284 0.58085 -15.41825 -2.42062 4.15796 3.07947 -2.55748 32.3608 1.18128 -2.38434 -2.45849 1.45998 0.89345 1.17603 2.00362 1.31493 -2.07133 -1.06511 1.65516 -1.207 1.48196 -0.94278 2.10467 0.71171 -6.11526 0.72785 -1.4355
1.48128 3.04562 -0.88303 0.50822 3.96142 -1.56336 -3.47221 -1.7208 -1.49806 -3.21337 -0.97554 -2.02728 -2.93393 2.35986 1.65258 2.64444 -1.25405 1.43151 -4.97276 -5.3387 2.32379 1.98682 -0.08141 0.57106 -0.38301 -12.84895 -2.81508 3.36886 1.46803 -1.74869 29.1876 0.20834 -2.51587 -2.86674 1.04017 0.65665 2.21037 2.49248 0.85589 -2.1955 -0.2523 0.0174 -0.36065 1.72299 -0.27248 2.46155 0.45975 -5.63541 0.40786 -0.89992
1.61585 0.46391 1.0116 -0.95944 3.97176 -1.88531 -4.69437 -1.56184 -1.70578 -2.67872 -0.87795 -1.67131 -3.63301 2.6899 1.63 3.16062 -1.86786 1.54949 -5.70043 -5.69705 3.60556 2.0829 0.22843 -0.43741 -0.34178 -15.03275 -1.65085 4.33361 3.09443 -2.80312 31.7148 0.65037 -2.10001 -2.57018 0.49436 0.76992 2.48279 1.21361 1.90536 -1.21715 -1.38061 0.6403 -0.76077 1.73569 -0.77564 2.29304 -0.25449 -5.95685 0.26205 -1.91421
4.05839 5.6071 0.45955 1.27224 7.59434 -0.14644 -1.68416 -5.07152 -1.54469 -3.20328 0.91233 -1.46855 -3.25911 1.48111 2.82716 3.03838 -2.91126 0.41528 -9.23972 -7.54957 1.58308 0.95907 1.10718 -1.84645 -0.37911 -17.87783 -5.98709 2.62067 2.10975 -1.52907 44.309 0.92617 -4.65377 -5.58348 2.62665 0.4411 3.27833 1.42739 0.38546 -1.66237 -0.72615 1.58596 -0.69676 1.49189 -3.95942 2.87535 2.78385 -6.56154 0.25898 -2.63289
4.59948 5.27535 0.84229 0.47979 7.53017 -0.08302 -1.76498 -4.67592 -1.559 -2.95379 0.97551 -0.972 -2.88345 1.20427 2.21114 3.41095 -2.95861 0.97739 -9.05323 -7.81095 1.21465 0.96299 1.76492 -1.39915 0.04696 -18.48753 -6.40276 3.17862 2.77829 -1.53197 43.8813 1.4402 -4.43006 -5.88887 2.57258 0.11577 2.20133 1.1347 0.77457 -1.86179 -0.98605 1.80069 -1.2336 1.7896 -3.86433 2.53528 2.53321 -6.69341 0.37563 -2.21227
2.73059 1.43035 -0.42207 -0.87052 3.81186 -1.80869 -4.18194 -0.96978 0.23067 -4.22315 -0.51409 -1.43972 -2.88245 2.30884 2.56989 2.54011 -1.2007 -0.30897 -4.12676 -4.20923 3.01765 1.83177 1.46422 0.37797 -0.49295 -13.707 -1.97318 2.78656 0.30782 -1.39213 30.2226 0.36606 -3.57502 -3.7674 -0.08515 0.93955 2.05682 0.32048 1.71413 -1.36267 -1.76811 0.40095 -1.27219 1.12284 -1.74948 1.39215 0.45987 -3.8548 -0.12257 -2.73953
2.88355 0.46985 0.00311 -1.07858 3.93143 -1.69778 -4.34931 -0.45352 0.33938 -3.94146 -0.70233 -1.1276 -3.2022 2.73747 2.33482 2.34367 -0.68338 -0.47138 -4.73006 -4.64309 2.40071 1.95139 1.30348 0.31133 0.01138 -13.8935 -1.25259 3.03531 1.16115 -2.00316 29.8493 0.82056 -2.96502 -2.64842 -0.04361 1.11599 1.3298 0.63044 2.25873 -1.43244 -2.01364 1.05413 -0.82827 1.59943 -1.68172 1.47074 0.69506 -4.62804 -0.1104 -2.88461
1.91395 2.21964 -0.85996 0.49733 2.95364 -2.31184 -3.43032 -0.73522 0.19104 -4.66 -0.37714 -2.3426 -2.7272 2.48504 2.70888 2.82802 -1.00071 -0.26768 -3.15457 -3.5764 2.28041 1.73642 0.57068 0.86955 -0.95248 -11.3242 -1.64705 2.24621 -0.45029 -1.19437 26.6761 -0.15238 -3.09655 -3.05667 -0.46342 0.87919 2.36414 1.1193 1.79969 -1.55661 -1.20083 -0.58363 0.01808 1.84045 -1.01141 1.82762 0.4431 -4.14819 -0.4304 -2.34903
2.04852 -0.36207 1.03467 -0.97033 2.96398 -2.63379 -4.65248 -0.57626 -0.01668 -4.12535 -0.27955 -1.98663 -3.42628 2.81508 2.6863 3.3442 -1.61452 -0.1497 -3.88224 -3.93475 3.56218 1.8325 0.88052 -0.13892 -0.91125 -13.508 -0.48282 3.21096 1.17611 -2.2488 29.2033 0.28965 -2.68069 -2.76011 -1.00923 0.99246 2.63656 -0.15957 2.84916 -0.57826 -2.32914 0.03927 -0.38204 1.85315 -1.51457 1.65912 -0.27114 -4.46963 -0.5762 -3.36332
4.22274 3.89424 0.60195 0.80725 5.74059 -0.6958 -3.14907 -3.39215 0.34149 -5.29764 0.23223 -1.78369 -4.21228 1.52235 3.78602 2.35937 -1.42872 -0.99641 -6.21643 -4.48627 2.27689 1.06791 1.5286 -0.62799 -1.56316 -16.98136 -4.06498 0.61091 -0.55353 -1.72859 40.7675 -0.28059 -5.52722 -4.74911 0.74028 0.77256 3.7573 0.23439 1.82377 -0.86432 -1.62152 -0.02067 0.13635 1.30208 -3.30036 3.29272 0.8263 -4.97338 -0.70048 -3.87406
4.76383 3.56249 0.98469 0.0148 5.67642 -0.63238 -3.22989 -2.99655 0.32718 -5.04815 0.29541 -1.28714 -3.83662 1.24551 3.17 2.73194 -1.47607 -0.4343 -6.02994 -4.74765 1.90846 1.07183 2.18634 -0.18069 -1.13709 -17.59106 -4.48065 1.16886 0.11501 -1.73149 40.3398 0.23344 -5.30351 -5.0545 0.68621 0.44723 2.6803 -0.0583 2.21288 -1.06374 -1.88141 0.19407 -0.40049 1.59979 -3.20527 2.95265 0.57566 -5.10525 -0.58383 -3.45344
3.71429 1.30124 -1.29315 -1.49843 2.88517 -2.6423 -3.60133 -0.56499 0.91571 -3.64272 0.28943 -0.56863 -1.7832 2.7837 0.56279 2.19707 -1.66983 1.73328 -7.5092 -4.95697 3.20748 2.00871 1.20791 -1.02913 -1.17845 -14.65579 -1.95529 4.6961 2.20255 0.07265 30.17059 1.32612 -3.53699 -2.29615 0.86582 1.23493 2.38936 0.79375 1.76965 -0.38947 -0.08826 1.66504 -1.34844 0.86779 -2.08336 2.08965 -0.46874 -4.91002 -0.49224 -1.88145
3.86725 0.34074 -0.86797 -1.70649 3.00474 -2.53139 -3.7687 -0.04873 1.02442 -3.36103 0.10119 -0.25651 -2.10295 3.21233 0.32773 2.00064 -1.15251 1.57087 -8.1125 -5.39083 2.59054 2.12833 1.04717 -1.09577 -0.67412 -14.84229 -1.2347 4.94485 3.05588 -0.53838 29.79729 1.78062 -2.92699 -1.17717 0.90737 1.41136 1.66234 1.10371 2.31425 -0.45924 -0.33379 2.31822 -0.90452 1.34437 -2.0156 2.16824 -0.23355 -5.68326 -0.48007 -2.02653
2.89765 2.09053 -1.73104 -0.13058 2.02695 -3.14545 -2.84971 -0.33043 0.87608 -4.07957 0.42638 -1.47151 -1.62795 2.9599 0.70179 2.48498 -1.46984 1.77457 -6.53701 -4.32414 2.47024 1.91336 0.31437 -0.53755 -1.63798 -12.27299 -1.62916 4.15575 1.44444 0.27041 26.62409 0.80768 -3.05852 -1.58542 0.48756 1.17457 2.69668 1.59257 1.85521 -0.58341 0.47902 0.68046 -0.05817 1.5854 -1.3453 2.52512 -0.48551 -5.20341 -0.80007 -1.49095
3.03222 -0.49118 0.16359 -1.59824 2.03729 -3.4674 -4.07187 -0.17147 0.66836 -3.54492 0.52397 -1.11554 -2.32703 3.28994 0.67921 3.00116 -2.08365 1.89255 -7.26468 -4.68249 3.75201 2.00944 0.62422 -1.54602 -1.59675 -14.45679 -0.46493 5.1205 3.07084 -0.78402 29.15129 1.24971 -2.64266 -1.28886 -0.05825 1.28784 2.9691 0.3137 2.90468 0.39494 -0.64929 1.30336 -0.45829 1.5981 -1.84846 2.35661 -1.19975 -5.52485 -0.94587 -2.50524
5.20644 3.76513 -0.26913 0.17934 4.8139 -1.52941 -2.56846 -2.98736 1.02653 -4.71721 1.03575 -0.9126 -3.11303 1.99721 1.77893 2.01633 -1.89785 1.04584 -9.59887 -5.23401 2.46672 1.24485 1.27229 -2.03509 -2.24866 -17.93015 -4.04709 2.52045 1.3412 -0.26381 40.71549 0.67947 -5.48919 -3.27786 1.69126 1.06793 4.08984 0.70766 1.87929 0.10889 0.05833 1.24342 0.0601 1.04702 -3.63424 3.99022 -0.10231 -6.0286 -1.07015 -3.01598
5.74753 3.43338 0.11361 -0.61311 4.74973 -1.46599 -2.64928 -2.59176 1.01222 -4.46772 1.09893 -0.41605 -2.73737 1.72037 1.1629 2.3889 -1.9452 1.60795 -9.41238 -5.49539 2.09829 1.24877 1.93003 -1.58779 -1.82259 -18.53985 -4.46276 3.0784 2.00974 -0.26671 40.28779 1.1935 -5.26548 -3.58325 1.63718 0.7426 3.01284 0.41497 2.2684 -0.09053 -0.20156 1.45815 -0.47674 1.34473 -3.53915 3.65015 -0.35295 -6.16047 -0.9535 -2.59536
1.47542 2.52965 0.07534 -1.14226 3.54289 -1.39119 -0.58082 -1.50143 1.37018 -3.11223 0.56591 -1.31441 0.22624 2.33225 1.86773 3.23649 -1.469 -0.10002 -2.86075 -4.62923 2.20776 1.3949 2.15321 -0.10927 -0.14491 -8.17007 -2.12105 2.55855 1.19967 1.22104 21.9706 -0.09311 -2.04039 -3.66199 0.27415 0.8747 1.98163 0.80095 3.01296 0.0977 -1.14175 1.05711 -0.10834 2.39286 -1.76716 1.21583 1.65369 -2.93995 -0.3859 -1.30469
1.29873 3.27079 0.15429 -1.7978 3.93724 0.21777 -0.57909 -1.74818 0.89558 -1.81469 0.33396 -2.14386 0.41442 0.55207 2.42142 2.75787 -1.23051 -0.28085 -3.48344 -4.66392 2.50341 -0.13765 1.62333 -1.11433 -0.48824 -8.44792 -1.95745 2.55622 1.68834 2.16303 23.134 1.33769 -0.8341 -2.86246 1.02907 -0.11353 1.47342 1.72617 3.2539 0.18887 -2.20952 1.25063 -0.53969 2.0547 -1.94965 0.57383 1.06033 -2.55997 0.05027 -0.75773
1.55184 3.07844 -0.04358 -2.21709 3.02602 0.49474 0.24524 -1.45612 0.89758 -2.11754 0.18367 -1.20536 0.17646 1.03679 2.27333 3.07015 -0.77762 -0.0661 -3.01457 -5.00532 2.5002 -0.02375 1.78156 -0.93194 -0.61905 -8.54702 -1.47445 2.74739 2.329 1.81637 22.6068 1.39259 -1.46608 -3.13412 0.87048 0.69434 1.47467 1.57898 3.79527 0.12216 -1.8681 1.20952 0.2235 2.18958 -1.5616 1.19135 1.33885 -2.92025 0.10005 -0.92345
1.30288 2.86762 -0.10177 -1.58732 4.56254 -0.52876 -0.11662 -0.60858 -0.22375 -2.90295 0.06503 -0.64401 0.35948 1.76284 1.94116 2.32704 -1.16715 -0.05515 -2.62327 -4.7107 1.69524 0.41206 1.95649 0.26823 -0.02679 -7.71025 -2.82462 1.96936 1.13041 0.24772 20.32523 0.62729 -1.48941 -3.3904 1.79903 0.96156 2.07352 1.32838 3.03107 0.49728 -1.28514 1.00598 -0.33384 3.22379 -2.64423 0.75458 1.53934 -2.18385 0.24456 -0.63461
2.20514 2.35873 -0.36196 -0.17182 4.4513 -1.35489 -0.29912 -1.99692 0.44068 -2.55696 0.99574 -0.71648 -0.01506 1.69533 1.87836 2.65338 -2.17206 -0.02328 -2.81835 -4.74483 1.02972 1.50424 0.85218 -0.87847 0.21392 -7.58132 -2.5845 2.45006 0.57383 0.28348 20.1279 0.85063 -1.81064 -4.15546 0.20766 1.19874 1.27838 -0.25322 1.27105 -0.62286 -1.04595 1.61225 -0.94461 2.02812 -2.38099 -0.26855 2.03239 -2.90299 -0.21811 -1.82379
2.02845 3.09987 -0.28301 -0.82736 4.84565 0.25407 -0.29739 -2.24367 -0.03392 -1.25942 0.76379 -1.54593 0.17312 -0.08485 2.43205 2.17476 -1.93358 -0.20411 -3.44104 -4.77952 1.32537 -0.02831 0.3223 -1.88353 -0.12941 -7.85917 -2.4209 2.44773 1.0625 1.22547 21.2913 2.28143 -0.60435 -3.35593 0.96258 0.21051 0.77017 0.672 1.51199 -0.53169 -2.11372 1.80577 -1.37596 1.68996 -2.56349 -0.91055 1.43903 -2.52301 0.21806 -1.27683
2.0326 2.6967 -0.53907 -0.61688 5.47095 -0.49246 0.16508 -1.10407 -1.15325 -2.34768 0.49486 -0.04608 0.11818 1.12592 1.95179 1.74393 -1.87022 0.02159 -2.58087 -4.8263 0.5172 0.5214 0.65546 -0.50097 0.33204 -7.1215 -3.28807 1.86087 0.50457 -0.68984 18.48253 1.57103 -1.25966 -3.88387 1.73254 1.2856 1.37027 0.27421 1.28916 -0.22328 -1.18935 1.56112 -1.17011 2.85906 -3.25807 -0.7298 1.91804 -2.14689 0.41235 -1.15371
2.28156 2.90752 -0.48088 -1.24665 3.93443 0.53104 0.52694 -1.95161 -0.03192 -1.56227 0.6135 -0.60743 -0.06484 0.39987 2.28396 2.48704 -1.48069 0.01064 -2.97217 -5.12092 1.32216 0.08559 0.48053 -1.70114 -0.26022 -7.95827 -1.9379 2.6389 1.70316 0.87881 20.7641 2.33633 -1.23633 -3.62759 0.80399 1.01838 0.77142 0.52481 2.05336 -0.5984 -1.7723 1.76466 -0.61277 1.82484 -2.17544 -0.29303 1.71755 -2.88329 0.26784 -1.44255
1.93682 1.47185 -0.24263 -0.62592 3.60533 -1.15577 -1.80592 -1.30313 0.63776 -3.20469 -0.28276 -0.7163 -1.17496 1.61139 1.78091 1.79079 -0.94287 0.26422 -1.61325 -3.44383 1.76691 1.86348 0.62151 0.0415 -0.40066 -8.2096 -1.83042 1.56295 -0.17113 -0.47036 19.0979 0.00459 -2.10341 -3.13116 -0.17512 1.30766 1.60358 -0.07304 1.76556 -0.46369 -0.99279 0.60665 -0.49024 1.72084 -0.983 0.78275 0.09149 -2.80205 -0.33932 -1.61585
2.01324 2.02064 -0.36155 -1.70075 3.08846 0.73016 -0.97986 -1.25782 0.16516 -2.21 -0.665 -0.60725 -1.22474 0.31593 2.18652 1.62445 -0.25149 0.29814 -1.76707 -3.81992 2.05935 0.44483 0.24986 -0.78117 -0.8748 -8.58655 -1.18382 1.75179 0.9582 0.12497 19.7341 1.49029 -1.5291 -2.60329 0.42121 1.1273 1.09662 0.70499 2.54787 -0.43923 -1.71914 0.75906 -0.1584 1.51756 -0.77744 0.75826 -0.22335 -2.78235 0.14663 -1.23461
1.47542 2.52965 0.07534 -1.14226 3.54289 -1.39119 -0.58082 -1.50143 1.37018 -3.11223 0.56591 -1.31441 0.22624 2.33225 1.86773 3.23649 -1.469 -0.10002 -2.86075 -4.62923 2.20776 1.3949 2.15321 -0.10927 -0.14491 -8.17007 -2.12105 2.55855 1.19967 1.22104 21.9706 -0.09311 -2.04039 -3.66199 0.27415 0.8747 1.98163 0.80095 3.01296 0.0977 -1.14175 1.05711 -0.10834 2.39286 -1.76716 1.21583 1.65369 -2.93995 -0.3859 -1.30469
1.29873 3.27079 0.15429 -1.7978 3.93724 0.21777 -0.57909 -1.74818 0.89558 -1.81469 0.33396 -2.14386 0.41442 0.55207 2.42142 2.75787 -1.23051 -0.28085 -3.48344 -4.66392 2.50341 -0.13765 1.62333 -1.11433 -0.48824 -8.44792 -1.95745 2.55622 1.68834 2.16303 23.134 1.33769 -0.8341 -2.86246 1.02907 -0.11353 1.47342 1.72617 3.2539 0.18887 -2.20952 1.25063 -0.53969 2.0547 -1.94965 0.57383 1.06033 -2.55997 0.05027 -0.75773
1.55184 3.07844 -0.04358 -2.21709 3.02602 0.49474 0.24524 -1.45612 0.89758 -2.11754 0.18367 -1.20536 0.17646 1.03679 2.27333 3.07015 -0.77762 -0.0661 -3.01457 -5.00532 2.5002 -0.02375 1.78156 -0.93194 -0.61905 -8.54702 -1.47445 2.74739 2.329 1.81637 22.6068 1.39259 -1.46608 -3.13412 0.87048 0.69434 1.47467 1.57898 3.79527 0.12216 -1.8681 1.20952 0.2235 2.18958 -1.5616 1.19135 1.33885 -2.92025 0.10005 -0.92345
1.30288 2.86762 -0.10177 -1.58732 4.56254 -0.52876 -0.11662 -0.60858 -0.22375 -2.90295 0.06503 -0.64401 0.35948 1.76284 1.94116 2.32704 -1.16715 -0.05515 -2.62327 -4.7107 1.69524 0.41206 1.95649 0.26823 -0.02679 -7.71025 -2.82462 1.96936 1.13041 0.24772 20.32523 0.62729 -1.48941 -3.3904 1.79903 0.96156 2.07352 1.32838 3.03107 0.49728 -1.28514 1.00598 -0.33384 3.22379 -2.64423 0.75458 1.53934 -2.18385 0.24456 -0.63461
2.20514 2.35873 -0.36196 -0.17182 4.4513 -1.35489 -0.29912 -1.99692 0.44068 -2.55696 0.99574 -0.71648 -0.01506 1.69533 1.87836 2.65338 -2.17206 -0.02328 -2.81835 -4.74483 1.02972 1.50424 0.85218 -0.87847 0.21392 -7.58132 -2.5845 2.45006 0.57383 0.28348 20.1279 0.85063 -1.81064 -4.15546 0.20766 1.19874 1.27838 -0.25322 1.27105 -0.62286 -1.04595 1.61225 -0.94461 2.02812 -2.38099 -0.26855 2.03239 -2.90299 -0.21811 -1.82379
2.02845 3.09987 -0.28301 -0.82736 4.84565 0.25407 -0.29739 -2.24367 -0.03392 -1.25942 0.76379 -1.54593 0.17312 -0.08485 2.43205 2.17476 -1.93358 -0.20411 -3.44104 -4.77952 1.32537 -0.02831 0.3223 -1.88353 -0.12941 -7.85917 -2.4209 2.44773 1.0625 1.22547 21.2913 2.28143 -0.60435 -3.35593 0.96258 0.21051 0.77017 0.672 1.51199 -0.53169 -2.11372 1.80577 -1.37596 1.68996 -2.56349 -0.91055 1.43903 -2.52301 0.21806 -1.27683
2.0326 2.6967 -0.53907 -0.61688 5.47095 -0.49246 0.16508 -1.10407 -1.15325 -2.34768 0.49486 -0.04608 0.11818 1.12592 1.95179 1.74393 -1.87022 0.02159 -2.58087 -4.8263 0.5172 0.5214 0.65546 -0.50097 0.33204 -7.1215 -3.28807 1.86087 0.50457 -0.68984 18.48253 1.57103 -1.25966 -3.88387 1.73254 1.2856 1.37027 0.27421 1.28916 -0.22328 -1.18935 1.56112 -1.17011 2.85906 -3.25807 -0.7298 1.91804 -2.14689 0.41235 -1.15371
2.28156 2.90752 -0.48088 -1.24665 3.93443 0.53104 0.52694 -1.95161 -0.03192 -1.56227 0.6135 -0.60743 -0.06484 0.39987 2.28396 2.48704 -1.48069 0.01064 -2.97217 -5.12092 1.32216 0.08559 0.48053 -1.70114 -0.26022 -7.95827 -1.9379 2.6389 1.70316 0.87881 20.7641 2.33633 -1.23633 -3.62759 0.80399 1.01838 0.77142 0.52481 2.05336 -0.5984 -1.7723 1.76466 -0.61277 1.82484 -2.17544 -0.29303 1.71755 -2.88329 0.26784 -1.44255
2.2073 4.84375 1.57618 -0.17202 5.12306 -0.02799 -0.46819 -2.67421 -0.32376 -2.81031 -0.25097 -1.34374 -1.56588 1.77054 3.54475 2.89822 -1.61853 -0.95571 -5.223 -5.13718 1.7713 1.04056 2.72109 -0.63297 -0.48649 -10.52868 -2.59442 1.51699 1.91925 0.08578 29.1812 0.29515 -3.45212 -2.90024 1.59478 0.19497 3.57795 1.78585 2.87383 -0.16645 -0.78714 0.78945 0.66626 2.42283 -2.7912 2.94161 1.93219 -4.72703 -0.22659 -1.53506
2.93702 4.67283 1.13888 0.79842 6.03147 0.00831 -0.18649 -3.1697 -1.25326 -2.25505 0.17886 -0.74581 -1.80718 1.13362 3.55538 2.31511 -2.3216 -0.87897 -5.1806 -5.25278 0.59326 1.1499 1.42006 -1.40217 -0.12766 -9.93993 -3.05787 1.4085 1.29341 -0.85178 27.3385 1.23889 -3.22237 -3.39371 1.52829 0.51901 2.8747 0.73168 1.13192 -0.88701 -0.69134 1.34459 -0.17001 2.05809 -3.40504 1.45723 2.31089 -4.69007 -0.05881 -2.05416
2.6687 3.78595 1.25821 0.34432 5.1855 0.20743 -1.69329 -2.47591 -1.05618 -2.90278 -1.09964 -0.74563 -2.96708 1.04968 3.45794 1.45252 -1.0924 -0.59147 -3.9755 -3.95178 1.33045 1.50914 1.18939 -0.4822 -0.74224 -10.56821 -2.30379 0.52139 0.54845 -1.60562 26.3085 0.39285 -3.51514 -2.36941 1.14551 0.62793 3.1999 0.91186 1.62643 -0.72784 -0.63818 0.33899 0.28436 1.75081 -2.00704 2.50853 0.36999 -4.58913 -0.18002 -1.84622
2.2073 4.84375 1.57618 -0.17202 5.12306 -0.02799 -0.46819 -2.67421 -0.32376 -2.81031 -0.25097 -1.34374 -1.56588 1.77054 3.54475 2.89822 -1.61853 -0.95571 -5.223 -5.13718 1.7713 1.04056 2.72109 -0.63297 -0.48649 -10.52868 -2.59442 1.51699 1.91925 0.08578 29.1812 0.29515 -3.45212 -2.90024 1.59478 0.19497 3.57795 1.78585 2.87383 -0.16645 -0.78714 0.78945 0.66626 2.42283 -2.7912 2.94161 1.93219 -4.72703 -0.22659 -1.53506
2.93702 4.67283 1.13888 0.79842 6.03147 0.00831 -0.18649 -3.1697 -1.25326 -2.25505 0.17886 -0.74581 -1.80718 1.13362 3.55538 2.31511 -2.3216 -0.87897 -5.1806 -5.25278 0.59326 1.1499 1.42006 -1.40217 -0.12766 -9.93993 -3.05787 1.4085 1.29341 -0.85178 27.3385 1.23889 -3.22237 -3.39371 1.52829 0.51901 2.8747 0.73168 1.13192 -0.88701 -0.69134 1.34459 -0.17001 2.05809 -3.40504 1.45723 2.31089 -4.69007 -0.05881 -2.05416
