0.9938637592524951 0.9941655151001771 0.9953904961217823 0.995617288806173 0.9976516684180984
0.9936693476151508 0.9938647128327338 0.9957862143633418 0.9967027717201559 0.9980112889847501
0.9915397073052136 0.9921501864850617 0.9928898310037346 0.9929832890570163 0.9934363164087301
0.9884278586013782 0.9906401969922073 0.9909636403996078 0.991358276907381 0.992529907996522
0.9959555951352301 0.996621690233181 0.9977364474243199 0.9983560474553049 0.9999999999999456
0.9859312736597567 0.9865543923684881 0.9871038495706783 0.9891137687821829 0.9891971893596789
0.9958364893822014 0.9967341591278468 0.9977261470029487 0.9982563032207393 0.9999999999999505
0.9941151792878478 0.9948645258652329 0.9955443310343305 0.9957178004027638 0.9966999737088118
0.991495837999891 0.9915234728043302 0.9918279458924266 0.9942516626891431 0.994572418921124
0.9860351514767298 0.9867269822864573 0.9876580039892154 0.9919949409785227 0.9925288599947953
0.9890833295671635 0.9908577905594184 0.9922901000123886 0.992581877822294 0.9935148283764117
0.9897600312483239 0.9897773784764476 0.9921430424086689 0.993737212271331 0.9970222297120179
0.9894406354212566 0.9895959598398429 0.9901676127143826 0.9908619688920877 0.9980433103209772
0.9904324828718867 0.9906634586484504 0.9907040812120298 0.9923983219610713 0.9929908534575013
0.9861367667170647 0.9877228919956413 0.9884022871022309 0.9899702896246068 0.9925453316127826
0.9639239096082786 0.9646572709806918 0.967181556571111 0.9679893522882909 0.9718321775442754
0.9674449651624464 0.9675246428146576 0.9715065738773152 0.9755373530712377 0.9764868606828392
0.9825881819720941 0.9831321077354183 0.9845002716854635 0.9883600810201864 0.9889822238086343
0.9537976503760688 0.9553219257225466 0.9558451275482549 0.95607418485338 0.9634612792140493
0.9923929745160613 0.9927638403633623 0.994238005119163 0.9944777169007215 0.9961359323417033
