sentence1="turn off the light in sitting room"
sentence2="monitor the temperature of sitting room"

[  1.9325858    1.03191     -0.267457    -1.4934504    3.808312
  -1.248407    -3.02774      0.181981    -0.60955623  -2.14362
  -1.42222     -1.148933    -2.175152     2.47299      1.0469815
   1.498097    -1.060568     0.24768     -5.264436    -5.31714
   2.182189     1.759238     0.95336     -0.427419     0.102378
 -10.77345     -0.91162      4.208021     2.4277034   -1.532292
  22.5735       1.102488    -1.477535    -1.578391     0.81062383
   0.8724429    0.845079     1.408502     1.504905    -1.224598
  -1.480962     1.4105228   -1.029879     1.390671    -1.043058
   1.60571      0.4285049   -5.531        0.22314     -2.33215   ]

[ 1.32378     2.22788     0.24297    -1.3191      3.225696   -1.730917
 -0.146042   -1.19057     1.82016977 -2.817366    0.399832   -1.434041
  0.639518    2.75578     1.2690465   2.948238   -1.353525   -0.058169
 -2.180856   -4.378604    2.023039    1.30802     1.687391   -0.124307
 -0.1883826  -6.70297    -1.817213    2.581991    0.8937834   1.438894
 18.2246     -0.097337   -1.856028   -3.199901    0.17582113  0.9937713
  1.74244     0.684854    2.595911    0.040937   -1.141682    0.988122
 -0.196277    2.4957118  -1.627845    0.992691    1.7344949  -2.58343
 -0.402309   -1.406849  ]

0.968762606926582


reduce the pm2.5 of sitting room 0.9794 48
what is the pm2.5 in the sitting room 0.9804 58
what is the temperature in the sitting room 0.9814 56